3,1
3,3
304,4
304,3
304,2
304,1
304,0
298,3
298,2
298,1
298,0
296,3
296,2
296,1
296,0
295,3
295,2
295,1
295,0
287,3
10,18
287,2
287,1
287,0
278,4
10,302
10,297
278,3
278,1
10,215
10,240
275,3
275,1
10,65
274,3
274,1
237,4
237,3
10,308
10,94
10,2
10,3
237,2
237,1
237,0
231,3
11,5
11,25
11,11
11,7
11,20
11,12
231,2
231,1
231,0
208,4
208,3
208,2
208,1
208,0
186,3
9,7
9,5
9,2
9,3
186,2
186,1
186,0
183,5
183,4
183,3
183,1
8,13
8,9
8,17
182,4
8,4
182,1
181,3
8,14
8,2
8,3
181,2
181,1
181,0
180,4
180,3
180,2
180,1
180,0
179,3
179,2
179,1
179,0
178,3
178,2
178,1
178,0
177,3
177,1
176,3
176,1
175,4
175,1
172,3
172,1
171,4
171,1
170,4
170,1
169,4
169,1
168,4
168,1
167,4
167,1
166,4
166,1
165,4
165,1
20,3
20,2
20,1
19,3
19,2
19,1
